position birthgen longevity lost/fixed
37 44 56 0
238 20 80 0
630 77 23 0
956 69 31 0
1169 70 30 0
2140 10 90 0
2561 29 71 0
2775 6 94 0
3198 11 89 0
5651 28 72 0
5881 58 42 0
6831 87 13 0
7838 33 67 0
9463 50 50 0
9979 0 100 0
10035 27 73 0
10637 71 29 0
10963 7 93 0
10978 50 50 0
11821 9 91 0
12116 38 62 0
12228 54 46 0
13104 3 97 0
13206 46 54 0
13914 82 18 0
14021 38 62 0
14468 44 56 0
15033 91 9 0
15867 39 61 0
16214 78 22 0
16250 65 35 0
16497 12 88 0
17754 54 46 0
18204 59 41 0
18817 47 53 0
20107 0 100 0
20131 80 20 0
21358 41 59 0
21417 42 58 0
21505 13 87 0
22035 1 99 0
22908 14 86 0
23495 22 78 0
24483 6 94 0
25373 84 16 0
25808 29 71 0
26801 94 6 0
27299 78 22 0
29998 96 4 0
31287 27 73 0
32128 69 31 0
32271 77 23 0
32486 22 78 0
33876 90 10 0
34313 27 73 0
34472 81 19 0
34598 29 71 0
35250 68 32 0
35306 21 79 0
36094 12 88 0
37556 60 40 0
37629 2 98 0
37658 31 69 0
37752 18 82 0
37762 51 49 0
37778 28 72 0
39119 38 62 0
40199 40 60 0
40853 72 28 0
41098 55 45 0
41707 84 16 0
41899 82 18 0
41933 41 59 0
42532 55 45 0
43348 51 49 0
44051 62 38 0
44076 63 37 0
44878 24 76 0
44886 30 70 0
45247 30 70 0
45449 67 33 0
46130 50 50 0
46770 53 47 0
48924 18 82 0
49668 10 90 0
50591 23 77 0
51035 60 40 0
51284 25 75 0
52129 30 70 0
52646 27 73 0
53245 49 51 0
53270 85 15 0
53405 75 25 0
54922 48 52 0
55074 57 43 0
55093 63 37 0
56139 38 62 0
56249 74 26 0
56419 64 36 0
57644 89 11 0
58313 20 80 0
58591 43 57 0
59798 23 77 0
60247 60 40 0
60487 63 37 0
60522 40 60 0
60929 79 21 0
61001 56 44 0
61124 67 33 0
61193 55 45 0
61376 51 49 0
62131 76 24 0
62284 2 98 0
62763 58 42 0
64510 41 59 0
65256 29 71 0
65591 95 5 0
65672 20 80 0
66281 47 53 0
67072 89 11 0
67080 63 37 0
68095 36 64 0
68704 59 41 0
68922 63 37 0
68966 26 74 0
69186 71 29 0
69755 12 88 0
70398 39 61 0
70731 29 71 0
74019 1 99 0
74292 30 70 0
74359 7 93 0
74498 49 51 0
75011 14 86 0
75904 20 80 0
76451 91 9 0
76570 10 90 0
76892 7 93 0
77006 96 4 0
78394 48 52 0
78749 19 81 0
80068 84 16 0
80154 74 26 0
81686 72 28 0
83230 66 34 0
83323 53 47 0
85247 94 6 0
85337 38 62 0
85702 68 32 0
85766 37 63 0
85983 9 91 0
86217 1 99 0
86691 50 50 0
87279 69 31 0
88031 66 34 0
88503 22 78 0
88512 13 87 0
88897 78 22 0
88919 73 27 0
90230 27 73 0
90371 58 42 0
91101 56 44 0
91471 7 93 0
91481 84 16 0
92437 82 18 0
93554 25 75 0
93752 85 15 0
94736 90 10 0
94821 12 88 0
95539 58 42 0
96106 74 26 0
96595 60 40 0
96670 62 38 0
97012 62 38 0
97096 69 31 0
97196 43 57 0
97733 21 79 0
97971 8 92 0
98963 5 95 0
99521 12 88 0
100279 33 67 0
101271 67 33 0
102023 86 14 0
103548 43 57 0
103745 53 47 0
103790 48 52 0
103877 30 70 0
104241 57 43 0
104399 51 49 0
104467 11 89 0
104871 38 62 0
104876 11 89 0
104928 32 68 0
106991 82 18 0
107007 20 80 0
107202 93 7 0
107434 5 95 0
107727 62 38 0
108056 59 41 0
108584 12 88 0
108688 65 35 0
108885 62 38 0
110063 21 79 0
110448 45 55 0
110748 73 27 0
110924 92 8 0
111727 17 83 0
112667 84 16 0
112725 90 10 0
113728 12 88 0
114132 31 69 0
115427 77 23 0
115924 12 88 0
117150 24 76 0
117465 62 38 0
117659 24 76 0
117774 79 21 0
119340 11 89 0
120938 34 66 0
121127 16 84 0
121169 70 30 0
121378 42 58 0
121664 6 94 0
121949 49 51 0
122277 43 57 0
123112 72 28 0
123889 58 42 0
124102 39 61 0
124124 73 27 0
125183 9 91 0
126810 33 67 0
127761 31 69 0
128131 78 22 0
128614 14 86 0
128683 38 62 0
128927 58 42 0
130025 74 26 0
130052 18 82 0
130233 38 62 0
131054 98 2 0
131526 67 33 0
131748 57 43 0
132165 67 33 0
132473 25 75 0
133603 17 83 0
136126 15 85 0
136425 3 97 0
136559 28 72 0
137027 65 35 0
137280 3 97 0
138039 0 100 0
138736 23 77 0
139347 30 70 0
139465 94 6 0
140822 75 25 0
141137 82 18 0
141555 56 44 0
142192 67 33 0
142342 22 78 0
142365 35 65 0
142734 2 98 0
143207 9 91 0
143375 67 33 0
143737 12 88 0
144306 13 87 0
144468 57 43 0
144680 84 16 0
145000 45 55 0
145223 1 99 0
146315 55 45 0
146646 35 65 0
146651 72 28 0
147046 7 93 0
148392 68 32 0
148842 34 66 0
150826 57 43 0
152010 87 13 0
152552 2 98 0
152712 76 24 0
152726 25 75 0
153527 90 10 0
154240 46 54 0
155331 16 84 0
155876 8 92 0
155995 12 88 0
156585 26 74 0
158042 4 96 0
158520 87 13 0
158623 65 35 0
159325 96 4 0
160405 65 35 0
160636 98 2 0
161292 16 84 0
161540 0 100 0
162748 55 45 0
162808 24 76 0
162930 2 98 0
163479 87 13 0
163977 90 10 0
164422 36 64 0
164637 7 93 0
164685 22 78 0
164807 94 6 0
164934 65 35 0
165419 64 36 0
166748 33 67 0
169042 8 92 0
170008 17 83 0
170149 79 21 0
170261 86 14 0
170806 22 78 0
170942 82 18 0
171084 8 92 0
171267 2 98 0
172493 48 52 0
173372 9 91 0
173838 76 24 0
174075 42 58 0
174334 10 90 0
175498 87 13 0
175672 83 17 0
175874 76 24 0
176333 98 2 0
176710 16 84 0
177702 66 34 0
177770 5 95 0
178961 21 79 0
179039 22 78 0
179265 24 76 0
179383 55 45 0
180070 55 45 0
180079 19 81 0
180807 30 70 0
181140 69 31 0
181760 13 87 0
182391 10 90 0
182832 42 58 0
183334 41 59 0
183812 62 38 0
184360 82 18 0
184365 82 18 0
184452 17 83 0
184567 17 83 0
186882 59 41 0
187729 81 19 0
187862 52 48 0
188211 28 72 0
188766 84 16 0
188939 38 62 0
189001 69 31 0
189598 26 74 0
190212 2 98 0
190961 48 52 0
191339 14 86 0
192301 24 76 0
193018 81 19 0
193038 87 13 0
193398 21 79 0
193559 66 34 0
194001 11 89 0
194297 78 22 0
194392 26 74 0
195100 13 87 0
195306 69 31 0
195854 48 52 0
196005 67 33 0
196914 2 98 0
197219 57 43 0
197284 47 53 0
197677 36 64 0
197800 82 18 0
198163 86 14 0
198176 71 29 0
198915 60 40 0
199383 85 15 0
200642 23 77 0
201268 6 94 0
201457 74 26 0
201691 30 70 0
202399 64 36 0
202614 7 93 0
202924 67 33 0
202987 1 99 0
203446 30 70 0
204370 28 72 0
204606 76 24 0
205113 80 20 0
205125 49 51 0
205858 76 24 0
205934 27 73 0
206174 6 94 0
206958 99 1 0
208727 55 45 0
209064 8 92 0
209226 65 35 0
209280 16 84 0
209328 9 91 0
209527 67 33 0
210600 2 98 0
211815 36 64 0
212234 91 9 0
212606 83 17 0
212644 72 28 0
214522 67 33 0
214693 52 48 0
216559 86 14 0
218302 36 64 0
219346 75 25 0
219729 84 16 0
219776 23 77 0
220133 1 99 0
220299 12 88 0
220697 83 17 0
220705 14 86 0
220809 25 75 0
220839 41 59 0
220969 16 84 0
221967 95 5 0
222374 3 97 0
222758 90 10 0
224682 28 72 0
224998 29 71 0
226795 50 50 0
228149 26 74 0
228290 24 76 0
228785 94 6 0
229598 37 63 0
230491 59 41 0
231020 24 76 0
232361 88 12 0
233128 65 35 0
233639 25 75 0
234277 74 26 0
234308 13 87 0
240073 26 74 0
240728 52 48 0
240906 68 32 0
241776 36 64 0
242809 73 27 0
243132 17 83 0
244015 29 71 0
244106 53 47 0
244744 39 61 0
246989 87 13 0
247335 0 100 0
248668 46 54 0
249159 62 38 0
249258 88 12 0
1945 126 74 0
2926 192 8 0
2942 133 67 0
3381 133 67 0
3464 176 24 0
3863 189 11 0
4321 103 97 0
4824 164 36 0
5641 115 85 0
5764 127 73 0
5810 103 97 0
6084 165 35 0
6197 157 43 0
7140 130 70 0
7169 108 92 0
8861 180 20 0
9161 190 10 0
10446 107 93 0
10488 128 72 0
10751 115 85 0
10871 113 87 0
11016 26 174 0
11196 119 81 0
12104 127 73 0
12811 106 94 0
13137 93 107 0
13145 159 41 0
13626 110 90 0
13714 111 89 0
13886 171 29 0
14097 117 83 0
14847 136 64 0
15650 169 31 0
15700 188 12 0
15993 164 36 0
16004 169 31 0
16284 164 36 0
16377 135 65 0
16487 119 81 0
18699 88 112 0
18972 162 38 0
20138 141 59 0
20187 142 58 0
20351 126 74 0
20743 113 87 0
20792 114 86 0
21088 169 31 0
21114 191 9 0
21930 139 61 0
22335 115 85 0
22812 189 11 0
22993 71 129 0
23531 143 57 0
24448 126 74 0
24878 173 27 0
24921 85 115 0
25114 149 51 0
25115 155 45 0
25267 151 49 0
25533 176 24 0
25562 137 63 0
25603 138 62 0
27353 144 56 0
28058 160 40 0
28493 132 68 0
29257 103 97 0
29521 96 104 0
29777 140 60 0
30042 141 59 0
30712 163 37 0
31307 165 35 0
32173 169 31 0
32425 134 66 0
32457 177 23 0
32548 143 57 0
32584 114 86 0
32821 166 34 0
33083 109 91 0
33443 158 42 0
34480 170 30 0
34590 190 10 0
34967 129 71 0
35389 161 39 0
35434 160 40 0
35613 175 25 0
36469 158 42 0
36873 194 6 0
37693 123 77 0
37955 162 38 0
38208 112 88 0
38622 160 40 0
39996 125 75 0
40217 180 20 0
40324 118 82 0
40344 165 35 0
40874 156 44 0
41002 102 98 0
41541 175 25 0
42169 109 91 0
42920 194 6 0
44008 113 87 0
44083 182 18 0
44653 117 83 0
44824 175 25 0
45014 134 66 0
46280 175 25 0
46480 133 67 0
47828 104 96 0
48339 192 8 0
48491 118 82 0
49110 131 69 0
49776 24 176 0
50118 177 23 0
51082 190 10 0
51139 180 20 0
51355 143 57 0
51376 167 33 0
51580 83 117 0
54140 83 117 0
54293 121 79 0
56075 125 75 0
56191 128 72 0
56587 173 27 0
56641 121 79 0
57657 102 98 0
58988 163 37 0
60161 160 40 0
60710 170 30 0
60875 104 96 0
61734 159 41 0
62294 180 20 0
62586 120 80 0
62844 142 58 0
63490 190 10 0
64229 129 71 0
64709 158 42 0
65455 158 42 0
65465 166 34 0
65493 92 108 0
65674 41 159 0
66670 112 88 0
66825 115 85 0
67390 178 22 0
67607 191 9 0
67884 126 74 0
69126 107 93 0
69935 195 5 0
70586 105 95 0
71561 129 71 0
72482 145 55 0
72863 196 4 0
73171 133 67 0
74137 123 77 0
74418 175 25 0
74831 173 27 0
76173 163 37 0
76407 196 4 0
76930 196 4 0
77018 102 98 0
78477 190 10 0
79459 103 97 0
79544 141 59 0
80998 196 4 0
81039 170 30 0
81481 171 29 0
81883 191 9 0
82212 147 53 0
82236 165 35 0
83220 192 8 0
83696 190 10 0
83949 36 164 0
84088 111 89 0
84135 70 130 0
85086 127 73 0
85157 122 78 0
85421 175 25 0
85798 182 18 0
86154 198 2 0
87151 115 85 0
87311 123 77 0
88114 118 82 0
88305 105 95 0
88651 152 48 0
89172 197 3 0
90266 163 37 0
90937 92 108 0
91200 119 81 0
91208 173 27 0
91670 136 64 0
92476 146 54 0
94316 163 37 0
95091 132 68 0
95271 101 99 0
95406 136 64 0
96346 8 192 0
96527 156 44 0
96545 157 43 0
97391 126 74 0
98180 181 19 0
98832 113 87 0
98947 155 45 0
99582 152 48 0
99805 147 53 0
100255 132 68 0
100960 140 60 0
102209 103 97 0
102328 187 13 0
103431 123 77 0
103604 135 65 0
103915 159 41 0
104594 180 20 0
104770 133 67 0
105339 165 35 0
105542 163 37 0
105619 154 46 0
105675 176 24 0
106094 109 91 0
106320 184 16 0
106473 154 46 0
106944 125 75 0
107086 152 48 0
107759 161 39 0
107984 137 63 0
108205 122 78 0
108470 146 54 0
109202 133 67 0
109304 179 21 0
109474 147 53 0
109480 106 94 0
109530 117 83 0
109685 150 50 0
109706 129 71 0
109729 194 6 0
109980 114 86 0
110233 138 62 0
111368 129 71 0
111404 106 94 0
111721 131 69 0
112391 172 28 0
113476 101 99 0
114389 148 52 0
114567 181 19 0
114671 107 93 0
115198 194 6 0
116064 188 12 0
116682 102 98 0
116808 124 76 0
116911 167 33 0
117517 134 66 0
117954 180 20 0
119276 133 67 0
119986 182 18 0
120187 107 93 0
121007 105 95 0
121483 186 14 0
121615 107 93 0
121922 176 24 0
121982 182 18 0
122606 116 84 0
122830 127 73 0
123010 158 42 0
123104 138 62 0
123649 135 65 0
125173 159 41 0
125356 96 104 0
125572 103 97 0
125709 192 8 0
125735 159 41 0
126663 157 43 0
126742 100 100 0
126792 156 44 0
126931 191 9 0
127318 147 53 0
127513 158 42 0
127588 112 88 0
127671 134 66 0
128859 190 10 0
129044 103 97 0
129171 130 70 0
129310 135 65 0
129417 128 72 0
130506 167 33 0
131040 160 40 0
132521 190 10 0
132707 163 37 0
132996 117 83 0
133003 135 65 0
133500 115 85 0
133801 127 73 0
134103 187 13 0
134465 199 1 0
134538 134 66 0
134741 195 5 0
134899 132 68 0
134949 140 60 0
136392 123 77 0
136775 149 51 0
136974 123 77 0
137662 143 57 0
137873 157 43 0
137920 83 117 0
138455 144 56 0
138578 149 51 0
138664 118 82 0
138860 127 73 0
139680 190 10 0
139727 184 16 0
140925 123 77 0
141115 117 83 0
141530 120 80 0
142011 188 12 0
143193 101 99 0
143665 143 57 0
143799 168 32 0
143806 125 75 0
144128 75 125 0
144612 102 98 0
144764 138 62 0
145231 190 10 0
145534 156 44 0
145735 121 79 0
145757 109 91 0
145970 184 16 0
146015 132 68 0
146083 139 61 0
146103 163 37 0
146300 165 35 0
146708 112 88 0
146882 167 33 0
147293 91 109 0
147320 188 12 0
147556 143 57 0
148156 121 79 0
149610 178 22 0
150310 112 88 0
150431 103 97 0
151273 103 97 0
152248 198 2 0
152371 117 83 0
152700 148 52 0
153219 155 45 0
153380 161 39 0
154793 134 66 0
154879 109 91 0
155094 130 70 0
155371 152 48 0
157018 128 72 0
157077 156 44 0
157094 119 81 0
157709 135 65 0
157928 158 42 0
158645 156 44 0
159191 137 63 0
159521 199 1 0
160381 195 5 0
161120 129 71 0
161332 78 122 0
161945 139 61 0
162789 187 13 0
163314 168 32 0
163974 151 49 0
164044 109 91 0
164383 120 80 0
165432 106 94 0
165542 157 43 0
166143 106 94 0
166282 105 95 0
167125 152 48 0
167153 115 85 0
167539 136 64 0
167598 120 80 0
167832 99 101 0
168368 118 82 0
168787 135 65 0
169244 105 95 0
169700 189 11 0
170934 85 115 0
171362 99 101 0
173037 153 47 0
173093 124 76 0
173429 97 103 0
173597 179 21 0
173891 186 14 0
174132 175 25 0
175186 147 53 0
175673 177 23 0
175888 175 25 0
176082 133 67 0
176604 160 40 0
176822 148 52 0
176854 163 37 0
176951 120 80 0
176996 197 3 0
177893 108 92 0
177914 138 62 0
177975 146 54 0
178140 198 2 0
179346 152 48 0
179418 129 71 0
179477 126 74 0
180055 128 72 0
180103 107 93 0
181664 131 69 0
181926 139 61 0
182500 122 78 0
183236 97 103 0
183341 163 37 0
183665 129 71 0
184679 143 57 0
185267 174 26 0
185609 143 57 0
185958 133 67 0
186011 145 55 0
187396 159 41 0
187800 99 101 0
188341 139 61 0
188494 148 52 0
188538 127 73 0
188921 169 31 0
191975 183 17 0
192673 128 72 0
193557 195 5 0
194254 180 20 0
194343 158 42 0
194549 169 31 0
195505 182 18 0
195678 155 45 0
197048 28 172 0
197433 74 126 0
197636 159 41 0
198089 110 90 0
198405 95 105 0
198490 182 18 0
199066 86 114 0
199236 89 111 0
199822 140 60 0
199912 159 41 0
199976 130 70 0
200440 132 68 0
200873 180 20 0
202009 101 99 0
202531 104 96 0
203101 98 102 0
203224 178 22 0
203282 142 58 0
203590 162 38 0
203917 188 12 0
203918 181 19 0
204150 181 19 0
205427 116 84 0
205661 159 41 0
205891 192 8 0
206487 123 77 0
206527 139 61 0
207223 154 46 0
208056 150 50 0
208061 82 118 0
208403 156 44 0
208472 179 21 0
209593 93 107 0
210864 119 81 0
210971 198 2 0
211062 175 25 0
211263 130 70 0
211326 181 19 0
211441 116 84 0
211615 192 8 0
212117 174 26 0
212240 115 85 0
212242 165 35 0
212756 167 33 0
213359 193 7 0
213648 176 24 0
214001 119 81 0
214403 168 32 0
217784 155 45 0
217963 171 29 0
218322 161 39 0
220282 191 9 0
220296 169 31 0
220960 180 20 0
221665 166 34 0
222535 134 66 0
223315 142 58 0
224635 156 44 0
224715 135 65 0
226490 137 63 0
226639 159 41 0
226762 155 45 0
226766 171 29 0
228744 174 26 0
229266 104 96 0
229280 175 25 0
229584 183 17 0
229704 182 18 0
229817 109 91 0
230241 182 18 0
230835 189 11 0
230946 144 56 0
232861 164 36 0
232876 167 33 0
233602 155 45 0
233829 175 25 0
234126 122 78 0
234396 132 68 0
234411 197 3 0
235338 89 111 0
235582 167 33 0
236011 194 6 0
236527 118 82 0
236975 181 19 0
237116 122 78 0
238301 130 70 0
238856 111 89 0
239148 157 43 0
239179 81 119 0
240179 195 5 0
240515 100 100 0
241240 137 63 0
241613 119 81 0
241823 126 74 0
241982 152 48 0
243278 175 25 0
243384 163 37 0
243569 157 43 0
243722 144 56 0
243996 186 14 0
244251 178 22 0
245579 120 80 0
246819 177 23 0
246919 140 60 0
248462 175 25 0
249730 128 72 0
249797 193 7 0
249832 166 34 0
772 260 40 0
1219 231 69 0
1311 218 82 0
2399 261 39 0
2590 276 24 0
3885 208 92 0
3944 270 30 0
5154 200 100 0
5405 297 3 0
5475 253 47 0
5979 276 24 0
6199 188 112 0
6445 225 75 0
6457 209 91 0
7096 292 8 0
8783 257 43 0
9194 257 43 0
10052 295 5 0
11365 250 50 0
11450 208 92 0
12293 272 28 0
12658 202 98 0
12816 251 49 0
13033 239 61 0
13978 223 77 0
14205 212 88 0
15342 297 3 0
15780 209 91 0
16336 225 75 0
17645 225 75 0
17790 282 18 0
18217 278 22 0
19046 220 80 0
20305 211 89 0
21047 202 98 0
21179 224 76 0
21460 294 6 0
21742 233 67 0
22037 292 8 0
22050 201 99 0
22385 268 32 0
22549 290 10 0
22653 252 48 0
23060 273 27 0
23282 239 61 0
23318 299 1 0
24609 243 57 0
25266 226 74 0
25779 298 2 0
26956 219 81 0
27030 220 80 0
27341 234 66 0
28176 233 67 0
28401 246 54 0
29366 259 41 0
30804 213 87 0
31733 234 66 0
31825 205 95 0
32114 275 25 0
33068 251 49 0
33157 263 37 0
33491 284 16 0
33531 219 81 0
33791 266 34 0
34207 211 89 0
34443 279 21 0
35060 228 72 0
35079 215 85 0
35445 266 34 0
35487 260 40 0
35611 214 86 0
35770 279 21 0
37653 253 47 0
37888 232 68 0
38231 266 34 0
39059 274 26 0
39090 278 22 0
39308 275 25 0
39327 257 43 0
39745 256 44 0
40245 260 40 0
40430 222 78 0
40636 193 107 0
41431 217 83 0
42213 235 65 0
42753 261 39 0
43176 276 24 0
43550 276 24 0
45023 278 22 0
45643 228 72 0
45855 268 32 0
46273 259 41 0
46570 184 116 0
46819 237 63 0
47112 197 103 0
47970 199 101 0
48067 214 86 0
49625 264 36 0
49797 267 33 0
50211 261 39 0
50438 267 33 0
51007 276 24 0
51470 271 29 0
52876 221 79 0
53419 295 5 0
54265 196 104 0
55472 253 47 0
55752 265 35 0
56963 241 59 0
57209 248 52 0
57235 218 82 0
57257 253 47 0
57419 260 40 0
58056 258 42 0
59232 219 81 0
59322 252 48 0
59384 287 13 0
59573 242 58 0
59944 272 28 0
60403 236 64 0
61258 289 11 0
62389 283 17 0
62475 245 55 0
62791 230 70 0
62939 200 100 0
64145 244 56 0
66040 283 17 0
67058 292 8 0
67447 217 83 0
67592 235 65 0
67837 202 98 0
68294 201 99 0
68452 287 13 0
68934 220 80 0
69394 203 97 0
70806 242 58 0
70823 217 83 0
70881 267 33 0
71497 270 30 0
71831 222 78 0
72060 254 46 0
72443 267 33 0
72695 234 66 0
72896 264 36 0
73021 283 17 0
73517 269 31 0
73530 244 56 0
74059 250 50 0
74445 252 48 0
74525 269 31 0
74545 267 33 0
74768 294 6 0
75064 238 62 0
75292 266 34 0
76043 227 73 0
76468 242 58 0
76730 281 19 0
76750 219 81 0
77385 282 18 0
77692 126 174 0
77774 257 43 0
78420 229 71 0
78583 200 100 0
78872 210 90 0
78959 276 24 0
79101 280 20 0
79148 207 93 0
79350 208 92 0
79443 281 19 0
79538 275 25 0
80468 249 51 0
81168 262 38 0
82305 187 113 0
82505 215 85 0
82575 289 11 0
82646 298 2 0
82766 216 84 0
84546 267 33 0
84643 220 80 0
84698 218 82 0
84798 286 14 0
84884 260 40 0
85395 250 50 0
85614 213 87 0
86965 207 93 0
87578 212 88 0
87612 293 7 0
87766 227 73 0
87974 215 85 0
88731 271 29 0
89096 241 59 0
89842 290 10 0
90110 288 12 0
90386 297 3 0
90446 242 58 0
91544 208 92 0
93163 212 88 0
93174 205 95 0
93511 247 53 0
93853 296 4 0
94684 207 93 0
96452 221 79 0
96851 209 91 0
97056 285 15 0
97835 205 95 0
97904 221 79 0
98135 255 45 0
99327 275 25 0
99655 267 33 0
100150 293 7 0
101274 262 38 0
101278 210 90 0
101493 220 80 0
101517 238 62 0
101732 261 39 0
101909 218 82 0
102275 253 47 0
103029 240 60 0
103227 232 68 0
103419 255 45 0
103623 294 6 0
104436 245 55 0
104596 269 31 0
105136 268 32 0
105148 227 73 0
105168 243 57 0
105487 287 13 0
105669 297 3 0
105778 251 49 0
105884 203 97 0
105953 285 15 0
106377 216 84 0
106430 298 2 0
106678 295 5 0
108241 249 51 0
108744 230 70 0
109315 201 99 0
109454 257 43 0
109534 265 35 0
110130 279 21 0
111004 207 93 0
111153 195 105 0
111652 295 5 0
111657 232 68 0
112015 265 35 0
112056 299 1 0
113180 266 34 0
113501 258 42 0
113679 253 47 0
113798 282 18 0
114539 213 87 0
116594 222 78 0
117605 224 76 0
117730 283 17 0
117808 238 62 0
118654 287 13 0
118919 254 46 0
119977 280 20 0
120301 243 57 0
121091 164 136 0
121361 121 179 0
122734 280 20 0
123035 258 42 0
123808 177 123 0
124175 217 83 0
124594 231 69 0
125581 282 18 0
126754 288 12 0
128794 227 73 0
129116 214 86 0
129894 169 131 0
130943 235 65 0
131296 201 99 0
131298 208 92 0
131406 237 63 0
131524 258 42 0
131575 236 64 0
131886 244 56 0
131961 265 35 0
133057 244 56 0
133058 255 45 0
133909 240 60 0
133969 223 77 0
134792 263 37 0
135953 241 59 0
136119 280 20 0
136648 268 32 0
136749 213 87 0
138287 271 29 0
139852 290 10 0
140617 246 54 0
141519 247 53 0
141558 207 93 0
141864 209 91 0
143064 213 87 0
143238 234 66 0
143293 202 98 0
144021 217 83 0
144386 249 51 0
144681 231 69 0
144825 282 18 0
144947 254 46 0
144990 260 40 0
145111 271 29 0
145258 234 66 0
145337 265 35 0
145428 209 91 0
146053 263 37 0
147222 283 17 0
148096 281 19 0
148828 289 11 0
148850 253 47 0
149206 209 91 0
150384 271 29 0
150522 203 97 0
151356 202 98 0
151857 208 92 0
152980 236 64 0
153000 290 10 0
153083 260 40 0
153423 292 8 0
153859 229 71 0
153898 244 56 0
154295 239 61 0
154361 258 42 0
154573 212 88 0
154663 218 82 0
155701 212 88 0
156294 283 17 0
158623 263 37 0
158695 247 53 0
159785 214 86 0
160934 226 74 0
163909 255 45 0
164103 284 16 0
164164 222 78 0
164521 198 102 0
164694 234 66 0
165055 284 16 0
165059 247 53 0
165288 197 103 0
167284 223 77 0
167842 211 89 0
168335 229 71 0
168488 271 29 0
168756 258 42 0
169341 254 46 0
169538 206 94 0
170768 226 74 0
171083 258 42 0
171223 216 84 0
171649 230 70 0
171874 209 91 0
172032 195 105 0
172475 281 19 0
172643 248 52 0
173638 201 99 0
174490 238 62 0
174753 205 95 0
175592 265 35 0
176062 255 45 0
176715 208 92 0
177371 260 40 0
177524 226 74 0
178194 286 14 0
181417 170 130 0
181465 281 19 0
181867 204 96 0
182567 192 108 0
183048 227 73 0
183153 264 36 0
183189 242 58 0
183456 273 27 0
183558 292 8 0
183750 282 18 0
184185 211 89 0
184655 245 55 0
185470 292 8 0
185627 210 90 0
185715 259 41 0
186596 290 10 0
187107 225 75 0
187982 258 42 0
188136 236 64 0
188256 285 15 0
188494 206 94 0
188836 297 3 0
188901 243 57 0
189094 231 69 0
189502 291 9 0
189678 230 70 0
190454 288 12 0
190624 154 146 0
190858 225 75 0
191070 271 29 0
191178 241 59 0
191226 214 86 0
191459 214 86 0
192352 219 81 0
192956 270 30 0
193042 200 100 0
193464 240 60 0
193625 243 57 0
194082 272 28 0
194325 286 14 0
194638 261 39 0
194873 225 75 0
195264 226 74 0
196708 218 82 0
197239 232 68 0
197403 183 117 0
197752 263 37 0
198593 264 36 0
198715 232 68 0
199406 135 165 0
199498 216 84 0
200261 281 19 0
200380 257 43 0
202073 207 93 0
202393 277 23 0
202760 212 88 0
203409 293 7 0
203612 220 80 0
204016 242 58 0
204044 223 77 0
204202 242 58 0
204248 299 1 0
204397 234 66 0
205703 220 80 0
205759 224 76 0
205776 287 13 0
205894 253 47 0
206033 232 68 0
208285 215 85 0
208903 200 100 0
209148 286 14 0
209919 213 87 0
210826 207 93 0
211725 243 57 0
212235 291 9 0
212289 264 36 0
212761 249 51 0
212885 249 51 0
212970 239 61 0
213060 282 18 0
213984 275 25 0
214071 254 46 0
214382 233 67 0
215320 252 48 0
215601 227 73 0
215607 201 99 0
215719 194 106 0
216696 274 26 0
216913 266 34 0
217261 213 87 0
217316 272 28 0
217397 249 51 0
217443 248 52 0
218491 216 84 0
218906 292 8 0
220651 202 98 0
221347 255 45 0
223010 289 11 0
223299 206 94 0
224241 247 53 0
224826 216 84 0
224827 216 84 0
225456 244 56 0
227566 223 77 0
227894 213 87 0
227971 268 32 0
229459 256 44 0
230718 199 101 0
231204 220 80 0
231606 209 91 0
231626 221 79 0
232177 208 92 0
232381 220 80 0
233502 288 12 0
233797 284 16 0
234404 219 81 0
234492 257 43 0
234876 228 72 0
235158 262 38 0
235231 277 23 0
237388 195 105 0
237782 238 62 0
237944 201 99 0
238335 288 12 0
238912 230 70 0
240421 203 97 0
240446 281 19 0
243381 233 67 0
244202 282 18 0
245164 208 92 0
245335 212 88 0
245692 204 96 0
247387 271 29 0
249404 235 65 0
1271 246 154 0
1410 349 51 0
1610 300 100 0
2433 328 72 0
2902 358 42 0
3214 329 71 0
3461 286 114 0
3505 335 65 0
4123 382 18 0
4333 364 36 0
5374 287 113 0
6317 310 90 0
7407 299 101 0
7486 377 23 0
9188 324 76 0
9517 301 99 0
9526 301 99 0
9617 396 4 0
9713 362 38 0
10339 312 88 0
10850 311 89 0
11477 334 66 0
14161 311 89 0
14291 332 68 0
14359 306 94 0
14444 358 42 0
16302 352 48 0
16376 320 80 0
16490 394 6 0
16630 374 26 0
17152 306 94 0
17480 349 51 0
17492 334 66 0
19157 355 45 0
19254 380 20 0
19280 307 93 0
19684 345 55 0
20014 355 45 0
21243 372 28 0
21582 325 75 0
22380 341 59 0
22878 368 32 0
23244 361 39 0
23466 345 55 0
24202 350 50 0
24696 299 101 0
24904 382 18 0
25706 356 44 0
26642 367 33 0
27353 385 15 0
28859 312 88 0
29355 371 29 0
29923 302 98 0
29951 371 29 0
30227 366 34 0
30461 393 7 0
30841 345 55 0
31267 301 99 0
31451 328 72 0
31483 341 59 0
31895 335 65 0
32335 307 93 0
32351 307 93 0
32722 324 76 0
34109 319 81 0
34278 357 43 0
34645 373 27 0
34963 357 43 0
35266 371 29 0
35325 301 99 0
36060 79 321 0
36116 275 125 0
37197 357 43 0
37301 349 51 0
37364 304 96 0
38074 391 9 0
38222 332 68 0
38615 339 61 0
39412 389 11 0
40641 336 64 0
41653 239 161 0
43331 366 34 0
43920 388 12 0
44524 309 91 0
44888 384 16 0
44940 254 146 0
45459 370 30 0
46343 338 62 0
46648 380 20 0
46702 327 73 0
46732 387 13 0
46795 323 77 0
47030 351 49 0
47868 364 36 0
48711 308 92 0
48897 332 68 0
49193 361 39 0
51369 387 13 0
51907 377 23 0
52090 311 89 0
52599 351 49 0
54462 317 83 0
54525 377 23 0
54918 313 87 0
55834 355 45 0
56539 306 94 0
56831 361 39 0
56971 320 80 0
58966 385 15 0
60119 273 127 0
60205 367 33 0
60749 333 67 0
61031 351 49 0
61412 327 73 0
61508 362 38 0
62072 379 21 0
62227 315 85 0
62258 340 60 0
62384 348 52 0
62851 359 41 0
63600 399 1 0
64909 399 1 0
65050 362 38 0
66337 393 7 0
66723 334 66 0
66785 337 63 0
67191 315 85 0
67218 397 3 0
67294 312 88 0
67385 356 44 0
69289 345 55 0
70278 356 44 0
71244 374 26 0
71693 264 136 0
75691 364 36 0
76301 321 79 0
76624 324 76 0
76741 387 13 0
77308 370 30 0
77510 372 28 0
77654 323 77 0
77794 395 5 0
78336 354 46 0
79516 319 81 0
79550 340 60 0
80106 369 31 0
80617 331 69 0
80908 376 24 0
81777 341 59 0
81864 393 7 0
82149 358 42 0
82453 338 62 0
82544 361 39 0
82690 337 63 0
84381 321 79 0
84959 307 93 0
85367 339 61 0
85486 341 59 0
85589 341 59 0
85806 191 209 0
87287 318 82 0
88312 386 14 0
88547 264 136 0
88670 286 114 0
89259 351 49 0
89574 330 70 0
89583 364 36 0
89732 380 20 0
89941 367 33 0
90033 348 52 0
90947 309 91 0
90990 357 43 0
90997 328 72 0
92227 379 21 0
92698 310 90 0
93771 317 83 0
93867 384 16 0
94183 370 30 0
94850 310 90 0
94897 331 69 0
96334 317 83 0
96735 342 58 0
97192 382 18 0
97253 290 110 0
97539 389 11 0
97715 394 6 0
97722 357 43 0
98261 327 73 0
98394 314 86 0
98651 317 83 0
99723 355 45 0
100284 316 84 0
100628 311 89 0
100911 329 71 0
100982 352 48 0
101358 287 113 0
101481 292 108 0
102092 331 69 0
103104 392 8 0
103202 394 6 0
103284 318 82 0
103413 373 27 0
104091 273 127 0
104934 331 69 0
105014 337 63 0
105292 373 27 0
106278 348 52 0
106421 340 60 0
107892 347 53 0
108552 313 87 0
108769 338 62 0
110331 338 62 0
110609 361 39 0
110687 354 46 0
111477 275 125 0
112577 312 88 0
112671 352 48 0
113053 333 67 0
113152 300 100 0
113433 301 99 0
114124 388 12 0
115102 368 32 0
115556 369 31 0
115562 372 28 0
115893 232 168 0
115937 388 12 0
116154 361 39 0
116349 343 57 0
116400 394 6 0
117137 358 42 0
118142 384 16 0
118270 355 45 0
118848 331 69 0
119013 322 78 0
119520 383 17 0
119916 358 42 0
120150 308 92 0
122779 326 74 0
122862 350 50 0
123421 340 60 0
123433 326 74 0
123786 382 18 0
125221 351 49 0
125606 149 251 0
126320 356 44 0
126640 322 78 0
126888 365 35 0
127212 377 23 0
127376 318 82 0
127464 316 84 0
127923 338 62 0
129195 397 3 0
129702 397 3 0
130365 381 19 0
130688 359 41 0
130932 331 69 0
131597 303 97 0
132284 301 99 0
132733 382 18 0
134074 349 51 0
134853 328 72 0
135193 352 48 0
135194 327 73 0
135996 272 128 0
136689 188 212 0
137583 306 94 0
139321 286 114 0
139980 310 90 0
140328 322 78 0
141240 235 165 0
141334 335 65 0
141467 388 12 0
141581 377 23 0
142114 390 10 0
142284 374 26 0
142505 313 87 0
142734 370 30 0
143646 396 4 0
143736 362 38 0
143823 293 107 0
144715 299 101 0
144838 317 83 0
144874 332 68 0
144903 338 62 0
145021 325 75 0
145148 350 50 0
145356 325 75 0
145729 378 22 0
145865 358 42 0
146127 326 74 0
146530 306 94 0
146770 388 12 0
146883 355 45 0
147006 375 25 0
147410 334 66 0
148312 387 13 0
148322 343 57 0
148952 345 55 0
149403 359 41 0
149703 364 36 0
149910 371 29 0
151102 359 41 0
151398 361 39 0
151563 373 27 0
151809 337 63 0
152281 348 52 0
152531 378 22 0
153371 368 32 0
154177 361 39 0
154280 384 16 0
154484 302 98 0
154833 307 93 0
154953 383 17 0
156027 307 93 0
156727 321 79 0
157087 354 46 0
158042 334 66 0
158481 303 97 0
158934 321 79 0
159091 388 12 0
159802 395 5 0
161838 389 11 0
162276 311 89 0
162457 354 46 0
162951 385 15 0
163430 307 93 0
163839 394 6 0
164411 297 103 0
165136 331 69 0
165204 324 76 0
165485 354 46 0
165879 302 98 0
165889 372 28 0
166794 338 62 0
166849 383 17 0
167849 315 85 0
169640 320 80 0
171137 387 13 0
171905 306 94 0
173119 373 27 0
173174 399 1 0
173721 316 84 0
173902 394 6 0
175734 303 97 0
176394 162 238 0
176692 319 81 0
176799 362 38 0
177578 357 43 0
177925 377 23 0
177969 334 66 0
178475 323 77 0
178695 391 9 0
180641 254 146 0
181788 396 4 0
183281 368 32 0
183645 317 83 0
183808 346 54 0
183886 315 85 0
184422 383 17 0
185167 303 97 0
185781 374 26 0
186203 332 68 0
187398 371 29 0
187459 399 1 0
187680 342 58 0
187687 296 104 0
188561 300 100 0
188833 369 31 0
189152 315 85 0
189839 308 92 0
190105 379 21 0
190240 328 72 0
190796 328 72 0
191270 354 46 0
191294 326 74 0
191855 306 94 0
192087 370 30 0
192941 336 64 0
192949 356 44 0
193520 390 10 0
194056 316 84 0
194252 352 48 0
194405 328 72 0
194450 381 19 0
194582 362 38 0
194897 376 24 0
195359 322 78 0
197368 354 46 0
197727 312 88 0
198406 360 40 0
198528 308 92 0
199705 349 51 0
199985 370 30 0
200048 365 35 0
200126 333 67 0
200188 303 97 0
200349 315 85 0
200838 358 42 0
203132 380 20 0
203267 377 23 0
203974 343 57 0
204137 266 134 0
204432 317 83 0
204728 296 104 0
205035 378 22 0
205332 346 54 0
205940 309 91 0
206332 394 6 0
206396 359 41 0
206668 311 89 0
206962 385 15 0
206963 379 21 0
207275 379 21 0
208424 322 78 0
208518 348 52 0
208689 387 13 0
209773 321 79 0
210949 323 77 0
211437 302 98 0
211674 363 37 0
212969 388 12 0
213078 364 36 0
213096 382 18 0
213284 307 93 0
213741 318 82 0
214250 318 82 0
215083 351 49 0
215845 296 104 0
218112 382 18 0
218159 394 6 0
218858 273 127 0
218985 377 23 0
219232 307 93 0
219795 399 1 0
219995 377 23 0
220748 354 46 0
221654 373 27 0
222597 355 45 0
223124 383 17 0
223134 388 12 0
223781 340 60 0
224438 338 62 0
224847 362 38 0
225092 339 61 0
225187 355 45 0
225773 381 19 0
227062 352 48 0
228587 367 33 0
229185 373 27 0
229910 313 87 0
230368 341 59 0
230914 326 74 0
230931 315 85 0
231428 356 44 0
232208 324 76 0
232673 218 182 0
232789 359 41 0
233619 338 62 0
234474 384 16 0
235838 399 1 0
236475 330 70 0
236854 297 103 0
239432 380 20 0
239761 316 84 0
240468 345 55 0
243128 320 80 0
243923 381 19 0
244086 319 81 0
244892 303 97 0
245060 322 78 0
245317 326 74 0
245921 325 75 0
246580 310 90 0
247057 300 100 0
247374 335 65 0
248078 363 37 0
248421 337 63 0
249392 316 84 0
366 405 95 0
1030 417 83 0
1175 445 55 0
1786 485 15 0
2054 443 57 0
2307 470 30 0
2704 467 33 0
4960 461 39 0
5163 425 75 0
5549 409 91 0
5734 476 24 0
6166 444 56 0
6665 336 164 0
6984 431 69 0
6996 406 94 0
7507 447 53 0
8614 433 67 0
8660 419 81 0
8914 483 17 0
9623 484 16 0
9662 408 92 0
10005 444 56 0
10437 462 38 0
10837 476 24 0
11243 426 74 0
11770 470 30 0
11842 497 3 0
12598 415 85 0
12886 399 101 0
13215 408 92 0
13234 458 42 0
13673 462 38 0
13956 402 98 0
14445 422 78 0
14672 488 12 0
14716 450 50 0
17616 478 22 0
17843 466 34 0
18044 483 17 0
18222 400 100 0
18355 475 25 0
20666 442 58 0
20836 463 37 0
21131 455 45 0
22043 457 43 0
22117 438 62 0
22238 467 33 0
22760 451 49 0
22812 438 62 0
23871 468 32 0
23882 426 74 0
24273 454 46 0
25021 425 75 0
25091 446 54 0
25148 438 62 0
25686 460 40 0
26606 472 28 0
26724 452 48 0
26889 475 25 0
26906 436 64 0
27046 461 39 0
27529 402 98 0
29386 462 38 0
29476 444 56 0
29720 406 94 0
30289 402 98 0
30719 400 100 0
30971 406 94 0
32045 430 70 0
32632 474 26 0
33326 402 98 0
33479 415 85 0
33788 430 70 0
34315 491 9 0
34448 445 55 0
35027 421 79 0
36075 476 24 0
36498 403 97 0
37166 479 21 0
38693 421 79 0
39228 490 10 0
40046 470 30 0
40287 412 88 0
41441 419 81 0
42589 478 22 0
43607 493 7 0
44428 409 91 0
44655 412 88 0
45858 435 65 0
46028 423 77 0
46694 408 92 0
46749 449 51 0
47128 419 81 0
47147 448 52 0
47318 435 65 0
47556 410 90 0
48158 422 78 0
48449 483 17 0
48500 479 21 0
48544 404 96 0
48550 451 49 0
49063 427 73 0
49462 489 11 0
49743 421 79 0
50538 453 47 0
50933 438 62 0
51123 428 72 0
51359 477 23 0
51464 457 43 0
52195 434 66 0
52248 406 94 0
52878 433 67 0
54776 472 28 0
54796 469 31 0
54915 452 48 0
55582 439 61 0
55941 468 32 0
56215 394 106 0
57132 405 95 0
57210 423 77 0
57834 472 28 0
58005 490 10 0
58248 455 45 0
58754 367 133 0
58834 362 138 0
59312 484 16 0
59313 348 152 0
59521 451 49 0
59807 403 97 0
60059 445 55 0
60073 479 21 0
61187 484 16 0
61811 406 94 0
63063 435 65 0
63535 452 48 0
63755 452 48 0
63894 428 72 0
64456 468 32 0
64860 457 43 0
65031 427 73 0
65096 442 58 0
65154 423 77 0
65399 414 86 0
65581 434 66 0
65889 458 42 0
65908 396 104 0
66365 410 90 0
66884 261 239 0
68011 481 19 0
68566 441 59 0
68954 419 81 0
69536 402 98 0
69959 405 95 0
70131 403 97 0
70254 435 65 0
71067 460 40 0
71213 399 101 0
71469 411 89 0
72511 457 43 0
74155 426 74 0
74333 413 87 0
74638 455 45 0
75018 433 67 0
75020 453 47 0
75492 479 21 0
75494 466 34 0
75504 409 91 0
75667 484 16 0
76374 449 51 0
76672 425 75 0
76816 475 25 0
76861 454 46 0
77210 400 100 0
77290 487 13 0
77773 401 99 0
78630 462 38 0
78891 415 85 0
79227 457 43 0
80047 456 44 0
80176 448 52 0
80994 458 42 0
81526 482 18 0
82931 239 261 0
83273 472 28 0
83805 460 40 0
84121 404 96 0
85115 482 18 0
85348 442 58 0
85831 476 24 0
87969 473 27 0
88061 442 58 0
88119 432 68 0
88535 488 12 0
88571 427 73 0
90301 480 20 0
90403 439 61 0
91135 411 89 0
91633 429 71 0
92013 467 33 0
92225 406 94 0
93716 470 30 0
93774 484 16 0
94049 496 4 0
94327 442 58 0
94409 428 72 0
94760 426 74 0
95404 398 102 0
95405 443 57 0
95433 489 11 0
95739 492 8 0
95917 438 62 0
96172 422 78 0
97216 469 31 0
97589 498 2 0
98395 455 45 0
98846 438 62 0
98943 435 65 0
99359 438 62 0
99783 457 43 0
99947 425 75 0
100285 464 36 0
100420 474 26 0
101011 410 90 0
101168 491 9 0
101305 493 7 0
102746 441 59 0
103678 464 36 0
103717 436 64 0
103741 419 81 0
104648 455 45 0
104709 487 13 0
104819 432 68 0
104959 452 48 0
106076 418 82 0
106956 466 34 0
108053 423 77 0
108472 444 56 0
108662 428 72 0
108786 472 28 0
108904 402 98 0
109275 391 109 0
109399 457 43 0
109630 420 80 0
110049 486 14 0
111052 435 65 0
111658 428 72 0
112178 432 68 0
112890 457 43 0
113703 478 22 0
114157 450 50 0
114279 394 106 0
114621 482 18 0
114695 491 9 0
115344 488 12 0
116580 437 63 0
116985 451 49 0
117557 430 70 0
119706 470 30 0
121758 475 25 0
121994 430 70 0
122067 455 45 0
122292 475 25 0
122462 383 117 0
122525 417 83 0
122774 483 17 0
123053 454 46 0
124325 415 85 0
124527 476 24 0
124727 125 375 0
125703 481 19 0
126470 481 19 0
127759 440 60 0
128090 495 5 0
128196 407 93 0
128928 391 109 0
129025 449 51 0
129037 481 19 0
129102 466 34 0
129166 491 9 0
129690 407 93 0
130477 449 51 0
130662 449 51 0
131176 471 29 0
131352 429 71 0
131395 438 62 0
131515 461 39 0
131565 377 123 0
132597 392 108 0
132856 463 37 0
133165 493 7 0
133326 436 64 0
133509 497 3 0
133573 435 65 0
134336 490 10 0
134935 437 63 0
135157 423 77 0
136441 459 41 0
136587 403 97 0
136960 465 35 0
137066 375 125 0
139348 453 47 0
139689 412 88 0
143529 448 52 0
143780 421 79 0
143855 421 79 0
144350 487 13 0
144508 469 31 0
144566 409 91 0
144765 376 124 0
144924 491 9 0
145245 444 56 0
146333 401 99 0
146720 414 86 0
147732 476 24 0
147765 491 9 0
148249 472 28 0
148426 464 36 0
148705 472 28 0
148773 458 42 0
149195 394 106 0
149330 484 16 0
149530 463 37 0
150049 471 29 0
150833 478 22 0
150923 412 88 0
151058 416 84 0
151676 499 1 0
151769 446 54 0
152553 441 59 0
153226 405 95 0
153254 486 14 0
153603 417 83 0
154316 479 21 0
154371 463 37 0
154410 461 39 0
155100 445 55 0
155264 389 111 0
155568 460 40 0
156144 443 57 0
156711 414 86 0
156774 422 78 0
157030 421 79 0
157045 415 85 0
157463 460 40 0
157628 452 48 0
158040 492 8 0
158070 405 95 0
158098 397 103 0
158132 460 40 0
158459 391 109 0
159130 428 72 0
159570 433 67 0
159589 414 86 0
160364 438 62 0
160503 489 11 0
161051 461 39 0
161796 470 30 0
162293 497 3 0
164446 453 47 0
165482 482 18 0
165752 442 58 0
166728 489 11 0
167235 461 39 0
167907 455 45 0
168106 405 95 0
168340 405 95 0
168351 455 45 0
168455 473 27 0
168498 288 212 0
169458 428 72 0
170724 486 14 0
170843 452 48 0
170972 443 57 0
171039 407 93 0
171133 489 11 0
171269 415 85 0
171381 459 41 0
171954 463 37 0
172267 416 84 0
172637 479 21 0
172644 456 44 0
173570 472 28 0
174478 407 93 0
174577 475 25 0
174811 470 30 0
174875 382 118 0
174920 465 35 0
176753 472 28 0
177789 471 29 0
178301 423 77 0
178400 497 3 0
178580 410 90 0
179445 464 36 0
180073 400 100 0
182424 494 6 0
184229 493 7 0
184510 447 53 0
184539 474 26 0
184989 418 82 0
185767 421 79 0
186357 419 81 0
186431 486 14 0
186939 440 60 0
187206 452 48 0
187560 422 78 0
187657 447 53 0
187764 470 30 0
188383 491 9 0
188505 403 97 0
188928 420 80 0
189856 425 75 0
190852 402 98 0
191093 407 93 0
191689 464 36 0
191780 421 79 0
191885 12 488 0
192048 473 27 0
192260 414 86 0
192883 475 25 0
193487 473 27 0
194502 435 65 0
194718 456 44 0
195059 428 72 0
195718 422 78 0
196825 462 38 0
196879 468 32 0
197257 415 85 0
197709 410 90 0
198202 431 69 0
198690 400 100 0
198763 443 57 0
199223 455 45 0
199393 489 11 0
200357 445 55 0
200501 446 54 0
200796 440 60 0
201817 495 5 0
202291 426 74 0
202510 452 48 0
202689 497 3 0
203356 438 62 0
203622 400 100 0
203713 466 34 0
205132 475 25 0
205573 268 232 0
205806 454 46 0
206096 428 72 0
207847 401 99 0
208009 498 2 0
208224 494 6 0
209187 411 89 0
209914 419 81 0
210178 436 64 0
210277 477 23 0
211705 437 63 0
212439 450 50 0
212443 402 98 0
213779 431 69 0
215329 487 13 0
216456 374 126 0
216544 450 50 0
216922 497 3 0
217348 466 34 0
219881 435 65 0
219916 476 24 0
219930 403 97 0
220377 416 84 0
221561 478 22 0
221995 449 51 0
223714 477 23 0
224021 410 90 0
224164 469 31 0
224311 409 91 0
224652 457 43 0
225181 463 37 0
228360 405 95 0
228493 401 99 0
228745 454 46 0
228981 435 65 0
229029 473 27 0
229822 485 15 0
229910 422 78 0
230194 440 60 0
230508 497 3 0
230807 490 10 0
231291 414 86 0
231530 445 55 0
231772 468 32 0
231824 343 157 0
232776 442 58 0
233176 488 12 0
233322 484 16 0
233477 422 78 0
233699 407 93 0
234023 458 42 0
234492 430 70 0
234694 439 61 0
236007 417 83 0
236107 412 88 0
237178 478 22 0
238590 477 23 0
238691 483 17 0
238917 481 19 0
239984 464 36 0
240282 483 17 0
241184 428 72 0
242345 473 27 0
243109 476 24 0
243131 421 79 0
243353 432 68 0
243658 410 90 0
243742 407 93 0
243810 421 79 0
243981 428 72 0
244196 409 91 0
244328 419 81 0
245066 497 3 0
245172 483 17 0
245467 413 87 0
245969 477 23 0
246129 29 471 0
246654 438 62 0
247596 406 94 0
248420 454 46 0
950 593 7 0
1194 581 19 0
2403 509 91 0
2430 527 73 0
2991 545 55 0
3833 587 13 0
4064 584 16 0
4482 513 87 0
4788 571 29 0
5345 514 86 0
5485 516 84 0
7401 591 9 0
7688 503 97 0
7834 588 12 0
7968 542 58 0
8860 538 62 0
10277 556 44 0
10569 513 87 0
10773 528 72 0
10783 551 49 0
11235 526 74 0
11323 583 17 0
11728 559 41 0
11786 503 97 0
11883 597 3 0
13440 569 31 0
14584 593 7 0
15568 564 36 0
16300 555 45 0
16422 542 58 0
16705 523 77 0
16933 596 4 0
16982 509 91 0
17456 596 4 0
18594 576 24 0
19135 544 56 0
21694 540 60 0
22021 557 43 0
23717 598 2 0
24153 570 30 0
24270 563 37 0
24931 499 101 0
25191 520 80 0
25428 511 89 0
25480 559 41 0
26358 576 24 0
26848 492 108 0
27263 598 2 0
29216 563 37 0
30808 509 91 0
30915 570 30 0
31011 549 51 0
32895 539 61 0
33258 527 73 0
33914 494 106 0
34464 542 58 0
35047 520 80 0
35165 546 54 0
35499 595 5 0
36729 596 4 0
37116 571 29 0
37908 554 46 0
38045 522 78 0
38660 503 97 0
38979 550 50 0
39488 590 10 0
39672 529 71 0
39683 562 38 0
40576 580 20 0
40674 586 14 0
40828 520 80 0
40870 551 49 0
41017 557 43 0
41415 504 96 0
42574 557 43 0
43016 505 95 0
43688 597 3 0
43908 271 329 0
44569 520 80 0
44597 573 27 0
44968 499 101 0
45172 548 52 0
45297 499 101 0
45402 539 61 0
46342 592 8 0
46701 518 82 0
47536 497 103 0
47592 533 67 0
48095 565 35 0
48760 502 98 0
48862 563 37 0
49061 509 91 0
49873 572 28 0
49945 504 96 0
50964 533 67 0
51446 541 59 0
51874 564 36 0
52158 212 388 0
52663 436 164 0
52767 540 60 0
52846 580 20 0
53315 527 73 0
53817 595 5 0
54402 422 178 0
55153 543 57 0
55336 551 49 0
55628 592 8 0
55764 585 15 0
56089 517 83 0
56801 557 43 0
56956 499 101 0
57094 497 103 0
57843 507 93 0
57990 551 49 0
58541 517 83 0
59092 535 65 0
59126 503 97 0
59238 576 24 0
60116 584 16 0
60264 510 90 0
60444 554 46 0
60718 516 84 0
61534 557 43 0
62575 574 26 0
62771 486 114 0
62899 515 85 0
62989 522 78 0
63775 589 11 0
63929 546 54 0
63993 556 44 0
64514 531 69 0
65546 525 75 0
66246 561 39 0
66867 585 15 0
67127 523 77 0
67568 520 80 0
68501 502 98 0
68994 421 179 0
69160 555 45 0
69534 547 53 0
69595 562 38 0
69749 512 88 0
69825 539 61 0
70346 518 82 0
71372 534 66 0
71973 550 50 0
72506 534 66 0
72574 586 14 0
73667 502 98 0
74272 522 78 0
74280 511 89 0
74447 504 96 0
74825 520 80 0
75171 531 69 0
75812 531 69 0
75855 596 4 0
76348 502 98 0
77958 550 50 0
78574 501 99 0
79274 500 100 0
79297 519 81 0
79562 534 66 0
80225 500 100 0
81638 519 81 0
82517 557 43 0
82850 575 25 0
83026 473 127 0
83371 585 15 0
84042 594 6 0
84201 593 7 0
85031 566 34 0
85137 531 69 0
85349 587 13 0
85828 571 29 0
86154 510 90 0
86724 500 100 0
87584 593 7 0
88177 582 18 0
89290 529 71 0
91201 567 33 0
91523 539 61 0
91735 580 20 0
92027 531 69 0
92459 552 48 0
92746 475 125 0
92750 557 43 0
93219 573 27 0
93776 523 77 0
94042 565 35 0
95257 560 40 0
95486 560 40 0
95876 591 9 0
96257 531 69 0
96564 557 43 0
97708 523 77 0
97884 514 86 0
98132 506 94 0
98900 511 89 0
99397 548 52 0
101862 524 76 0
102714 530 70 0
103162 518 82 0
103309 488 112 0
104034 535 65 0
104457 546 54 0
105718 550 50 0
105923 575 25 0
106193 558 42 0
106470 544 56 0
106601 546 54 0
106640 555 45 0
106672 510 90 0
108083 521 79 0
108334 563 37 0
108974 489 111 0
109568 514 86 0
109676 501 99 0
110630 410 190 0
111440 553 47 0
111686 504 96 0
112578 589 11 0
113000 586 14 0
114115 504 96 0
114551 506 94 0
114782 568 32 0
115134 543 57 0
115166 519 81 0
115694 584 16 0
116980 550 50 0
117685 487 113 0
117972 540 60 0
118842 509 91 0
119146 553 47 0
119147 591 9 0
119284 572 28 0
119660 577 23 0
120147 567 33 0
121232 500 100 0
121796 505 95 0
122283 526 74 0
122466 528 72 0
122999 576 24 0
123615 572 28 0
123785 558 42 0
123788 514 86 0
124529 542 58 0
124691 521 79 0
124826 512 88 0
125468 500 100 0
125582 540 60 0
125689 551 49 0
126595 577 23 0
126998 579 21 0
127075 520 80 0
127512 534 66 0
127557 587 13 0
127667 546 54 0
128066 533 67 0
129040 500 100 0
130321 530 70 0
130602 414 186 0
131717 556 44 0
133468 486 114 0
133544 515 85 0
133617 539 61 0
134836 583 17 0
134864 560 40 0
136148 590 10 0
136217 596 4 0
136491 501 99 0
136708 584 16 0
136901 487 113 0
138767 558 42 0
138853 557 43 0
138913 566 34 0
139116 404 196 0
139330 580 20 0
139695 561 39 0
139944 563 37 0
140276 535 65 0
140895 525 75 0
140905 544 56 0
141652 542 58 0
141809 578 22 0
141950 517 83 0
142278 499 101 0
142357 565 35 0
142491 517 83 0
143337 588 12 0
143585 550 50 0
143836 535 65 0
144511 512 88 0
144698 539 61 0
144931 560 40 0
145392 525 75 0
145430 546 54 0
146540 593 7 0
147010 523 77 0
147123 548 52 0
147419 523 77 0
147528 562 38 0
148296 511 89 0
148669 561 39 0
148984 576 24 0
149837 586 14 0
151362 522 78 0
152350 535 65 0
152934 530 70 0
152968 537 63 0
153099 486 114 0
153208 586 14 0
153462 529 71 0
153479 540 60 0
154909 574 26 0
154931 272 328 0
156560 574 26 0
156625 502 98 0
156999 571 29 0
157057 438 162 0
157265 543 57 0
158524 509 91 0
159156 583 17 0
159176 513 87 0
159701 538 62 0
160128 553 47 0
162305 568 32 0
162347 501 99 0
163172 515 85 0
163225 521 79 0
163621 521 79 0
164248 536 64 0
164691 526 74 0
164836 503 97 0
165721 505 95 0
165747 508 92 0
166460 539 61 0
166856 524 76 0
167192 501 99 0
167215 565 35 0
167643 532 68 0
168197 568 32 0
168888 545 55 0
171512 583 17 0
174739 558 42 0
174914 506 94 0
175724 513 87 0
175834 574 26 0
176088 566 34 0
176250 508 92 0
176528 533 67 0
177406 482 118 0
178547 505 95 0
178835 595 5 0
178923 560 40 0
179010 573 27 0
179039 534 66 0
179464 505 95 0
181115 576 24 0
181464 578 22 0
181782 556 44 0
184630 547 53 0
184787 551 49 0
188531 508 92 0
189724 554 46 0
190279 486 114 0
190495 524 76 0
190631 554 46 0
190662 502 98 0
190762 570 30 0
191295 557 43 0
191354 526 74 0
191565 490 110 0
191746 491 109 0
191958 570 30 0
192257 543 57 0
192465 507 93 0
192509 546 54 0
192726 553 47 0
192887 540 60 0
193154 548 52 0
193261 584 16 0
193364 526 74 0
195166 516 84 0
196262 498 102 0
196685 577 23 0
196958 528 72 0
197410 562 38 0
199366 522 78 0
199378 491 109 0
199597 583 17 0
199852 502 98 0
200653 552 48 0
201361 553 47 0
201417 533 67 0
201555 580 20 0
201842 514 86 0
202632 568 32 0
202756 565 35 0
202874 328 272 0
203165 534 66 0
203279 500 100 0
203618 594 6 0
203639 582 18 0
204161 497 103 0
204478 535 65 0
204864 550 50 0
205190 591 9 0
205652 379 221 0
206143 526 74 0
206326 558 42 0
206765 498 102 0
207331 561 39 0
207863 570 30 0
208462 550 50 0
208532 550 50 0
208759 506 94 0
208904 586 14 0
209122 579 21 0
209158 597 3 0
209573 543 57 0
209766 504 96 0
210034 559 41 0
210939 581 19 0
210982 571 29 0
211284 500 100 0
211814 375 225 0
211903 396 204 0
212754 526 74 0
217244 570 30 0
218068 501 99 0
218149 583 17 0
218857 526 74 0
220015 557 43 0
221174 590 10 0
221594 522 78 0
222109 506 94 0
222835 547 53 0
224218 504 96 0
224437 568 32 0
225112 568 32 0
225640 545 55 0
225984 521 79 0
226434 593 7 0
227402 583 17 0
228126 527 73 0
228258 530 70 0
228815 512 88 0
229358 573 27 0
229576 563 37 0
231103 578 22 0
231942 578 22 0
231961 572 28 0
232068 598 2 0
232238 593 7 0
232864 590 10 0
233828 516 84 0
233974 525 75 0
234016 575 25 0
234275 511 89 0
234633 503 97 0
235115 545 55 0
235199 549 51 0
236031 536 64 0
236218 597 3 0
236937 538 62 0
238937 572 28 0
238975 545 55 0
241240 515 85 0
241405 542 58 0
242386 591 9 0
242507 478 122 0
242557 556 44 0
242856 557 43 0
242888 588 12 0
242981 567 33 0
243275 507 93 0
243859 518 82 0
244912 569 31 0
245598 520 80 0
245680 533 67 0
246100 356 244 0
246913 565 35 0
247180 561 39 0
247357 539 61 0
247712 519 81 0
248613 577 23 0
248682 520 80 0
408 690 10 0
411 648 52 0
427 668 32 0
1705 682 18 0
2506 674 26 0
3010 686 14 0
3421 592 108 0
4227 682 18 0
4606 627 73 0
4738 674 26 0
5690 610 90 0
6234 663 37 0
6951 639 61 0
7024 672 28 0
7118 641 59 0
7863 620 80 0
8005 647 53 0
8009 614 86 0
8084 603 97 0
8108 634 66 0
8133 629 71 0
8330 621 79 0
8501 651 49 0
8653 616 84 0
8789 692 8 0
10120 636 64 0
10880 609 91 0
11467 654 46 0
11604 640 60 0
13147 605 95 0
16190 636 64 0
17776 636 64 0
17858 681 19 0
17931 611 89 0
18291 633 67 0
19062 627 73 0
20096 649 51 0
20493 648 52 0
20970 636 64 0
21140 652 48 0
21210 676 24 0
21562 635 65 0
24426 667 33 0
26243 690 10 0
26300 627 73 0
28390 691 9 0
28465 673 27 0
28516 621 79 0
28817 689 11 0
29692 615 85 0
30311 671 29 0
31838 644 56 0
31926 626 74 0
32888 646 54 0
36552 466 234 0
37122 666 34 0
37137 637 63 0
37627 690 10 0
38224 659 41 0
38327 660 40 0
38737 672 28 0
38854 661 39 0
39222 626 74 0
39237 699 1 0
39578 647 53 0
39978 665 35 0
40049 684 16 0
40939 596 104 0
41105 667 33 0
41578 667 33 0
42002 628 72 0
42421 607 93 0
42442 687 13 0
42872 659 41 0
43006 679 21 0
43052 619 81 0
44951 656 44 0
45860 666 34 0
46138 623 77 0
47129 665 35 0
47200 650 50 0
47751 635 65 0
48074 691 9 0
48522 649 51 0
49274 654 46 0
49456 689 11 0
50169 600 100 0
51102 695 5 0
52128 619 81 0
52328 640 60 0
52839 601 99 0
53616 652 48 0
53959 618 82 0
54177 676 24 0
54523 607 93 0
54655 595 105 0
54991 613 87 0
55506 661 39 0
55652 601 99 0
56255 641 59 0
57046 670 30 0
57092 656 44 0
57647 617 83 0
58691 673 27 0
58778 577 123 0
59173 621 79 0
61653 605 95 0
62164 533 167 0
62665 622 78 0
63355 601 99 0
63581 678 22 0
63829 602 98 0
64204 620 80 0
65765 638 62 0
65882 628 72 0
66725 684 16 0
66800 613 87 0
67052 451 249 0
67275 649 51 0
67397 644 56 0
67780 600 100 0
68997 562 138 0
69203 594 106 0
69573 602 98 0
70124 636 64 0
70156 641 59 0
70818 604 96 0
71975 675 25 0
72150 641 59 0
73044 682 18 0
73799 624 76 0
74946 613 87 0
75154 649 51 0
75222 683 17 0
75348 630 70 0
75849 694 6 0
75901 691 9 0
76724 621 79 0
76877 620 80 0
76902 602 98 0
77413 630 70 0
77627 673 27 0
77902 667 33 0
79023 635 65 0
79049 644 56 0
79503 685 15 0
80364 662 38 0
80416 695 5 0
80614 655 45 0
80981 585 115 0
81708 625 75 0
81955 635 65 0
82296 625 75 0
82675 638 62 0
84230 651 49 0
85010 666 34 0
85672 672 28 0
87176 649 51 0
87391 677 23 0
87774 659 41 0
87815 638 62 0
88518 627 73 0
89372 609 91 0
89845 683 17 0
90149 675 25 0
90455 608 92 0
91482 615 85 0
92130 659 41 0
92517 625 75 0
92873 681 19 0
94037 657 43 0
94896 635 65 0
95154 649 51 0
96441 681 19 0
96604 617 83 0
97397 635 65 0
97730 666 34 0
98442 601 99 0
99096 662 38 0
99224 667 33 0
99816 655 45 0
100003 343 357 0
100221 683 17 0
100459 644 56 0
100611 601 99 0
101019 675 25 0
101080 636 64 0
101354 618 82 0
101588 620 80 0
102261 687 13 0
102803 621 79 0
102956 584 116 0
103142 688 12 0
103366 608 92 0
103591 652 48 0
103970 631 69 0
104384 688 12 0
104980 658 42 0
105648 692 8 0
105871 655 45 0
105989 607 93 0
106262 686 14 0
106369 621 79 0
106663 670 30 0
107237 620 80 0
107365 670 30 0
109383 599 101 0
109609 590 110 0
110486 641 59 0
110655 668 32 0
111290 609 91 0
111458 649 51 0
111562 638 62 0
112118 665 35 0
112371 663 37 0
112382 664 36 0
112399 662 38 0
114952 634 66 0
115180 610 90 0
115363 640 60 0
115486 642 58 0
116556 689 11 0
116730 681 19 0
117278 625 75 0
117840 647 53 0
118077 606 94 0
119001 624 76 0
119591 663 37 0
120178 631 69 0
120565 635 65 0
121055 684 16 0
121434 621 79 0
121458 634 66 0
121497 621 79 0
121646 602 98 0
121661 686 14 0
121776 599 101 0
122106 610 90 0
122302 622 78 0
122527 673 27 0
122782 645 55 0
122974 606 94 0
123328 632 68 0
124204 652 48 0
125553 624 76 0
126703 648 52 0
126746 653 47 0
127718 674 26 0
127791 601 99 0
128339 645 55 0
128523 649 51 0
128758 603 97 0
129472 625 75 0
130197 649 51 0
131469 607 93 0
132380 677 23 0
132502 694 6 0
132595 635 65 0
132923 664 36 0
132998 622 78 0
133322 665 35 0
133389 672 28 0
134478 623 77 0
134973 614 86 0
135210 622 78 0
135434 613 87 0
137003 637 63 0
137050 649 51 0
137269 623 77 0
137327 667 33 0
137863 659 41 0
138349 616 84 0
138546 620 80 0
138697 647 53 0
140238 693 7 0
140280 663 37 0
140638 672 28 0
141654 606 94 0
142380 635 65 0
142902 628 72 0
143014 636 64 0
143776 655 45 0
144044 697 3 0
144047 643 57 0
144068 686 14 0
144911 633 67 0
145398 684 16 0
145530 617 83 0
145666 691 9 0
146142 602 98 0
146488 644 56 0
147076 619 81 0
147123 654 46 0
147265 677 23 0
147641 617 83 0
149239 683 17 0
150897 680 20 0
151418 594 106 0
152149 690 10 0
152578 691 9 0
154180 662 38 0
154549 623 77 0
154832 618 82 0
155035 626 74 0
155215 637 63 0
155237 626 74 0
156489 607 93 0
156846 676 24 0
157161 685 15 0
159412 624 76 0
159740 633 67 0
160269 642 58 0
160497 630 70 0
160656 667 33 0
160836 694 6 0
160903 640 60 0
160947 663 37 0
161202 652 48 0
161454 679 21 0
161595 660 40 0
161881 636 64 0
161978 625 75 0
162371 617 83 0
162843 607 93 0
163231 694 6 0
163319 643 57 0
163676 645 55 0
164282 698 2 0
164343 622 78 0
164988 695 5 0
165453 629 71 0
166872 688 12 0
167433 693 7 0
167698 653 47 0
169039 660 40 0
169054 660 40 0
169149 611 89 0
169731 699 1 0
170268 643 57 0
170498 598 102 0
171503 600 100 0
172098 681 19 0
172452 667 33 0
173127 595 105 0
173444 689 11 0
173505 686 14 0
173691 683 17 0
174495 630 70 0
174729 649 51 0
176027 593 107 0
176699 661 39 0
176790 651 49 0
177530 695 5 0
178521 549 151 0
178658 649 51 0
179137 629 71 0
180025 616 84 0
180166 644 56 0
180194 673 27 0
180288 658 42 0
181173 651 49 0
181634 667 33 0
182458 641 59 0
182478 609 91 0
183564 595 105 0
184047 616 84 0
184594 656 44 0
184753 680 20 0
185876 517 183 0
185932 653 47 0
186688 677 23 0
186768 615 85 0
187269 612 88 0
187955 660 40 0
188081 622 78 0
188210 671 29 0
189197 678 22 0
189488 633 67 0
189529 689 11 0
189795 665 35 0
189796 666 34 0
190130 663 37 0
190145 573 127 0
190539 609 91 0
191183 628 72 0
191783 684 16 0
192036 600 100 0
192368 612 88 0
192519 587 113 0
193398 523 177 0
193577 654 46 0
193851 668 32 0
194495 664 36 0
195125 636 64 0
195306 600 100 0
195392 672 28 0
196592 602 98 0
196726 627 73 0
196875 663 37 0
197600 639 61 0
198604 629 71 0
199667 637 63 0
200529 599 101 0
200828 693 7 0
200897 656 44 0
201002 696 4 0
201079 628 72 0
201153 665 35 0
201417 666 34 0
203559 685 15 0
204384 677 23 0
204823 667 33 0
205393 656 44 0
205458 637 63 0
205598 696 4 0
206103 632 68 0
206573 613 87 0
207639 678 22 0
208145 656 44 0
208172 637 63 0
208193 641 59 0
208208 610 90 0
209064 690 10 0
209738 672 28 0
210418 660 40 0
211051 662 38 0
211224 633 67 0
212690 607 93 0
212731 616 84 0
212785 693 7 0
213717 607 93 0
213777 637 63 0
213961 627 73 0
214261 695 5 0
214280 634 66 0
214659 670 30 0
214738 672 28 0
214948 664 36 0
215313 611 89 0
215458 608 92 0
216186 620 80 0
216724 621 79 0
216906 608 92 0
216920 615 85 0
217409 636 64 0
218471 668 32 0
219153 674 26 0
220104 674 26 0
220143 688 12 0
220519 601 99 0
220882 643 57 0
221028 676 24 0
222078 614 86 0
222140 691 9 0
222221 619 81 0
224250 634 66 0
225494 598 102 0
226164 671 29 0
226412 630 70 0
226607 638 62 0
226671 605 95 0
226902 656 44 0
227096 664 36 0
227157 624 76 0
227275 683 17 0
227371 626 74 0
228119 643 57 0
228333 688 12 0
229070 681 19 0
229109 636 64 0
229690 677 23 0
230641 601 99 0
230970 681 19 0
231296 658 42 0
232479 623 77 0
232602 645 55 0
232699 675 25 0
232756 627 73 0
232775 680 20 0
234548 608 92 0
235226 674 26 0
235247 611 89 0
236073 678 22 0
236098 681 19 0
236539 610 90 0
237081 633 67 0
237245 669 31 0
237896 612 88 0
237958 689 11 0
238091 680 20 0
238468 613 87 0
239051 624 76 0
240151 622 78 0
240579 606 94 0
240688 666 34 0
241275 658 42 0
241583 657 43 0
241630 596 104 0
241697 612 88 0
241815 616 84 0
242776 621 79 0
243328 661 39 0
243600 647 53 0
245341 632 68 0
246691 649 51 0
247406 660 40 0
247470 673 27 0
248511 642 58 0
249894 667 33 0
253 773 27 0
289 764 36 0
305 732 68 0
1149 790 10 0
1322 785 15 0
1479 718 82 0
2055 766 34 0
2159 793 7 0
2520 724 76 0
4414 740 60 0
4750 708 92 0
5620 782 18 0
6194 721 79 0
6665 796 4 0
7344 727 73 0
7507 765 35 0
7723 774 26 0
7829 726 74 0
8843 778 22 0
9582 750 50 0
10154 771 29 0
10513 765 35 0
10638 789 11 0
11058 789 11 0
11169 742 58 0
11223 763 37 0
11687 703 97 0
11939 729 71 0
12522 689 111 0
13043 774 26 0
13108 743 57 0
13170 798 2 0
13204 728 72 0
13383 753 47 0
13834 700 100 0
13858 726 74 0
15411 735 65 0
15455 798 2 0
15822 786 14 0
16576 773 27 0
18038 735 65 0
18259 770 30 0
18535 712 88 0
18756 785 15 0
19003 785 15 0
19086 703 97 0
19136 716 84 0
19482 704 96 0
19642 769 31 0
19671 744 56 0
20077 784 16 0
20371 693 107 0
21061 799 1 0
21830 700 100 0
22635 774 26 0
22719 760 40 0
23328 742 58 0
23610 733 67 0
23660 760 40 0
24345 761 39 0
26640 771 29 0
27142 745 55 0
27270 715 85 0
27785 727 73 0
27794 714 86 0
30484 742 58 0
31505 724 76 0
31654 757 43 0
31739 727 73 0
33143 797 3 0
33355 715 85 0
35900 727 73 0
36080 717 83 0
36674 718 82 0
36780 720 80 0
36781 779 21 0
36919 711 89 0
37467 717 83 0
38141 757 43 0
39986 749 51 0
41382 697 103 0
41838 732 68 0
41991 712 88 0
42175 719 81 0
43420 701 99 0
43641 742 58 0
43824 762 38 0
44915 701 99 0
45289 730 70 0
45405 718 82 0
45460 745 55 0
46246 732 68 0
48638 747 53 0
48676 749 51 0
48970 786 14 0
49484 715 85 0
50067 763 37 0
50409 715 85 0
51802 782 18 0
52680 708 92 0
53450 707 93 0
54104 724 76 0
54411 702 98 0
54509 790 10 0
55501 746 54 0
55590 736 64 0
55820 730 70 0
56179 700 100 0
56258 723 77 0
57038 11 789 0
57192 744 56 0
57441 780 20 0
57647 703 97 0
58018 772 28 0
58509 704 96 0
58686 734 66 0
59285 708 92 0
59364 784 16 0
59387 776 24 0
59548 737 63 0
59554 755 45 0
60135 700 100 0
60488 706 94 0
60932 783 17 0
61213 741 59 0
61391 719 81 0
61815 780 20 0
62829 707 93 0
63478 743 57 0
63717 751 49 0
64259 746 54 0
64620 736 64 0
64814 798 2 0
64860 743 57 0
64902 740 60 0
65437 777 23 0
65651 613 187 0
66853 737 63 0
67074 712 88 0
68128 718 82 0
68185 728 72 0
68817 779 21 0
68969 705 95 0
70326 743 57 0
71964 769 31 0
72157 705 95 0
72318 713 87 0
72647 755 45 0
72735 786 14 0
73065 683 117 0
73121 715 85 0
73900 799 1 0
74575 782 18 0
74668 769 31 0
75275 693 107 0
76966 789 11 0
77574 765 35 0
77730 701 99 0
79266 721 79 0
79844 783 17 0
82486 784 16 0
84246 734 66 0
84713 776 24 0
84879 702 98 0
85304 729 71 0
85510 749 51 0
86580 747 53 0
87997 701 99 0
88006 766 34 0
88614 790 10 0
88664 784 16 0
89828 755 45 0
90038 769 31 0
90110 784 16 0
90857 750 50 0
91298 733 67 0
91640 700 100 0
92093 764 36 0
92633 715 85 0
92751 757 43 0
92945 740 60 0
93783 712 88 0
96066 701 99 0
96085 797 3 0
96797 774 26 0
96925 749 51 0
96933 778 22 0
96978 781 19 0
97337 722 78 0
98319 783 17 0
98499 796 4 0
98763 712 88 0
98941 729 71 0
99732 712 88 0
100093 769 31 0
100828 719 81 0
102370 774 26 0
102741 752 48 0
103619 751 49 0
103902 785 15 0
104368 760 40 0
105366 795 5 0
105474 774 26 0
107326 792 8 0
107715 700 100 0
108071 734 66 0
108988 782 18 0
109624 787 13 0
110017 737 63 0
110198 763 37 0
110530 715 85 0
111301 751 49 0
112920 768 32 0
113125 788 12 0
113834 739 61 0
114083 707 93 0
114578 704 96 0
114706 788 12 0
115410 699 101 0
115774 740 60 0
115972 797 3 0
116498 771 29 0
117803 791 9 0
117875 779 21 0
118042 468 332 0
119675 742 58 0
119948 705 95 0
120124 725 75 0
120795 700 100 0
120844 735 65 0
121082 719 81 0
121286 718 82 0
122050 705 95 0
122289 795 5 0
122562 713 87 0
123205 762 38 0
123250 798 2 0
124120 701 99 0
124861 743 57 0
125333 796 4 0
125549 771 29 0
125953 769 31 0
126537 734 66 0
126608 741 59 0
127240 715 85 0
127386 797 3 0
127749 521 279 0
127773 769 31 0
128514 730 70 0
128590 774 26 0
129207 767 33 0
129335 723 77 0
129919 723 77 0
130467 755 45 0
130613 764 36 0
130751 721 79 0
130926 787 13 0
131108 787 13 0
132218 757 43 0
132286 741 59 0
132443 782 18 0
135171 755 45 0
136456 739 61 0
138508 775 25 0
139351 733 67 0
139592 792 8 0
139970 759 41 0
139982 755 45 0
140066 775 25 0
140082 764 36 0
140767 733 67 0
141148 746 54 0
141500 712 88 0
141937 679 121 0
141975 749 51 0
143843 758 42 0
144127 709 91 0
144239 759 41 0
145033 775 25 0
145073 790 10 0
146124 715 85 0
146889 717 83 0
147358 798 2 0
147613 750 50 0
148330 715 85 0
148778 728 72 0
149571 735 65 0
149573 741 59 0
150359 729 71 0
151103 745 55 0
154468 747 53 0
154733 703 97 0
155099 721 79 0
155759 744 56 0
155939 764 36 0
156444 737 63 0
156508 733 67 0
157383 727 73 0
157940 742 58 0
158100 745 55 0
158355 708 92 0
160543 726 74 0
160634 677 123 0
161384 783 17 0
162031 778 22 0
162051 743 57 0
163552 784 16 0
164036 793 7 0
164258 760 40 0
164409 744 56 0
165010 711 89 0
165046 760 40 0
165126 752 48 0
165321 766 34 0
165421 763 37 0
165577 717 83 0
166241 718 82 0
166393 734 66 0
166433 797 3 0
166550 732 68 0
166803 744 56 0
167757 723 77 0
169558 787 13 0
170032 755 45 0
170393 754 46 0
170846 741 59 0
171906 705 95 0
172138 664 136 0
172723 751 49 0
173737 737 63 0
174877 712 88 0
174906 784 16 0
175056 768 32 0
176098 756 44 0
177404 789 11 0
180013 777 23 0
180420 742 58 0
180817 775 25 0
181019 701 99 0
181739 722 78 0
181859 744 56 0
183927 695 105 0
184544 759 41 0
185826 736 64 0
186742 738 62 0
188320 765 35 0
189251 704 96 0
189862 651 149 0
189983 792 8 0
190581 756 44 0
191066 776 24 0
191654 719 81 0
191803 713 87 0
192006 740 60 0
192070 725 75 0
192080 757 43 0
192177 761 39 0
193090 695 105 0
193803 720 80 0
194429 736 64 0
194570 759 41 0
194934 759 41 0
195592 715 85 0
195830 728 72 0
196350 704 96 0
196488 706 94 0
196710 775 25 0
196754 762 38 0
196813 763 37 0
196985 779 21 0
197109 752 48 0
199063 783 17 0
199294 703 97 0
200683 755 45 0
200971 688 112 0
201965 697 103 0
202060 798 2 0
202617 776 24 0
203655 687 113 0
204077 797 3 0
204080 710 90 0
204154 676 124 0
205033 769 31 0
206129 729 71 0
206485 758 42 0
206497 764 36 0
206598 704 96 0
207781 767 33 0
207944 709 91 0
208454 736 64 0
208978 790 10 0
209441 709 91 0
209680 751 49 0
210525 727 73 0
210837 702 98 0
212011 788 12 0
212045 769 31 0
212631 783 17 0
212765 747 53 0
212805 750 50 0
213346 771 29 0
213605 752 48 0
213732 721 79 0
213838 739 61 0
214142 702 98 0
214226 735 65 0
214301 781 19 0
214477 773 27 0
214506 766 34 0
214826 720 80 0
215179 732 68 0
215324 703 97 0
215592 741 59 0
215620 767 33 0
215832 703 97 0
216248 752 48 0
217391 781 19 0
217403 739 61 0
217447 674 126 0
217675 746 54 0
218094 730 70 0
218284 701 99 0
218693 738 62 0
218852 789 11 0
219031 736 64 0
219104 725 75 0
219905 764 36 0
220097 752 48 0
220345 784 16 0
221764 775 25 0
222175 782 18 0
222251 764 36 0
222329 776 24 0
222915 747 53 0
223525 709 91 0
224164 699 101 0
224324 724 76 0
224445 709 91 0
224483 701 99 0
224512 788 12 0
225048 717 83 0
225904 776 24 0
225983 773 27 0
226241 772 28 0
226335 718 82 0
226390 742 58 0
226502 789 11 0
226601 660 140 0
226746 755 45 0
226757 702 98 0
227472 718 82 0
227620 709 91 0
227975 753 47 0
228395 743 57 0
228531 771 29 0
229424 790 10 0
229639 745 55 0
231082 773 27 0
231167 720 80 0
231469 689 111 0
231864 754 46 0
232611 777 23 0
232833 726 74 0
233586 719 81 0
233602 730 70 0
233703 699 101 0
233777 682 118 0
233829 727 73 0
234175 723 77 0
234608 756 44 0
235155 777 23 0
235672 674 126 0
235942 779 21 0
236944 793 7 0
237494 757 43 0
237888 777 23 0
238014 715 85 0
238252 767 33 0
239090 735 65 0
239799 704 96 0
239848 763 37 0
241419 715 85 0
241621 757 43 0
241734 704 96 0
242791 706 94 0
243619 784 16 0
244467 706 94 0
246104 773 27 0
246294 754 46 0
246348 731 69 0
246457 763 37 0
246827 783 17 0
247032 788 12 0
247227 707 93 0
247423 720 80 0
247512 737 63 0
247898 764 36 0
248300 711 89 0
249298 769 31 0
249616 728 72 0
249658 763 37 0
249820 772 28 0
958 876 24 0
1079 857 43 0
1092 843 57 0
1679 833 67 0
2988 861 39 0
3505 834 66 0
4209 858 42 0
7370 809 91 0
7437 857 43 0
7589 844 56 0
7624 827 73 0
7930 866 34 0
8234 899 1 0
8358 813 87 0
9065 701 199 0
10863 873 27 0
11128 819 81 0
11584 825 75 0
11884 805 95 0
12576 809 91 0
13191 860 40 0
13856 862 38 0
14312 875 25 0
14496 841 59 0
14592 825 75 0
15369 841 59 0
15450 793 107 0
16047 851 49 0
16617 83 817 0
16739 890 10 0
17259 845 55 0
17301 843 57 0
17657 808 92 0
18636 586 314 0
18976 822 78 0
20183 886 14 0
21027 804 96 0
21996 784 116 0
22162 895 5 0
22223 804 96 0
22468 838 62 0
22821 819 81 0
23870 806 94 0
24591 881 19 0
25767 874 26 0
25972 862 38 0
26713 812 88 0
28838 893 7 0
29049 895 5 0
29556 888 12 0
29579 857 43 0
29777 785 115 0
29864 857 43 0
30022 881 19 0
30039 849 51 0
30620 819 81 0
31332 823 77 0
31515 871 29 0
31568 817 83 0
31958 826 74 0
32326 898 2 0
32802 806 94 0
33205 872 28 0
33576 819 81 0
34051 795 105 0
34164 886 14 0
34209 640 260 0
34767 876 24 0
35098 818 82 0
35588 808 92 0
35707 854 46 0
37161 801 99 0
39348 816 84 0
39986 836 64 0
40674 816 84 0
40984 887 13 0
43017 804 96 0
43163 818 82 0
43312 875 25 0
43327 825 75 0
43342 820 80 0
44597 869 31 0
45275 876 24 0
45789 856 44 0
47994 835 65 0
48102 860 40 0
48201 866 34 0
48377 808 92 0
48722 879 21 0
50110 808 92 0
50281 892 8 0
50659 825 75 0
52038 851 49 0
52072 881 19 0
54689 807 93 0
54885 857 43 0
56213 826 74 0
56482 881 19 0
57677 833 67 0
57974 890 10 0
58893 880 20 0
59006 840 60 0
59400 818 82 0
59505 883 17 0
59620 865 35 0
60704 839 61 0
60945 835 65 0
61023 890 10 0
61561 875 25 0
62233 828 72 0
62266 820 80 0
62380 813 87 0
62527 835 65 0
62986 792 108 0
63691 887 13 0
64798 822 78 0
65203 826 74 0
65384 834 66 0
65502 860 40 0
65642 812 88 0
65824 862 38 0
66544 825 75 0
67029 803 97 0
67328 857 43 0
67437 853 47 0
67996 869 31 0
68676 813 87 0
69588 844 56 0
70591 840 60 0
70849 816 84 0
71488 804 96 0
71529 869 31 0
71866 851 49 0
71910 839 61 0
72476 797 103 0
73008 839 61 0
73514 816 84 0
73894 887 13 0
74512 807 93 0
74766 864 36 0
75015 586 314 0
75549 868 32 0
76222 881 19 0
76521 823 77 0
76584 848 52 0
76947 850 50 0
77369 829 71 0
77377 879 21 0
77677 811 89 0
78119 852 48 0
78193 865 35 0
78808 755 145 0
79846 829 71 0
80006 825 75 0
81115 887 13 0
81377 862 38 0
81705 818 82 0
84338 851 49 0
86758 738 162 0
87221 819 81 0
88114 859 41 0
89209 835 65 0
90311 880 20 0
90430 805 95 0
91423 689 211 0
91602 801 99 0
91811 821 79 0
92177 887 13 0
93204 894 6 0
93680 890 10 0
94221 882 18 0
94360 896 4 0
94904 861 39 0
95436 893 7 0
96402 820 80 0
96887 895 5 0
96900 855 45 0
97428 823 77 0
98705 897 3 0
99375 858 42 0
100017 805 95 0
100657 819 81 0
101082 838 62 0
101335 854 46 0
101562 816 84 0
101878 827 73 0
102046 803 97 0
103010 843 57 0
103719 824 76 0
104598 869 31 0
104667 895 5 0
105478 853 47 0
106480 820 80 0
106507 848 52 0
106765 846 54 0
106829 832 68 0
107044 814 86 0
107455 748 152 0
107622 819 81 0
107804 856 44 0
108341 892 8 0
108451 825 75 0
108501 842 58 0
109621 842 58 0
110101 873 27 0
110632 896 4 0
110635 831 69 0
111681 840 60 0
111768 886 14 0
112610 864 36 0
112973 896 4 0
113470 840 60 0
113813 814 86 0
113841 888 12 0
114150 848 52 0
114505 847 53 0
114870 802 98 0
115220 815 85 0
115271 853 47 0
116123 851 49 0
116701 889 11 0
117006 887 13 0
117231 849 51 0
117274 890 10 0
117855 863 37 0
118185 866 34 0
118391 802 98 0
118536 865 35 0
118858 883 17 0
119544 810 90 0
119894 874 26 0
120578 844 56 0
120689 886 14 0
121297 800 100 0
121372 817 83 0
123510 891 9 0
123887 891 9 0
124140 828 72 0
124676 801 99 0
125654 843 57 0
126226 803 97 0
126439 861 39 0
127879 837 63 0
128822 808 92 0
129598 848 52 0
129780 843 57 0
129810 854 46 0
129873 803 97 0
130656 885 15 0
130660 812 88 0
131474 850 50 0
131535 871 29 0
133104 842 58 0
134881 702 198 0
135957 820 80 0
136270 836 64 0
137269 831 69 0
137634 814 86 0
137722 874 26 0
138029 834 66 0
138594 797 103 0
139590 832 68 0
139705 868 32 0
140800 857 43 0
141015 873 27 0
141395 836 64 0
141412 844 56 0
141575 857 43 0
141580 862 38 0
141673 879 21 0
141774 868 32 0
142253 871 29 0
143150 817 83 0
143384 846 54 0
143528 803 97 0
144238 835 65 0
145227 861 39 0
145369 851 49 0
145660 855 45 0
146354 802 98 0
146437 875 25 0
146601 809 91 0
147572 841 59 0
147623 809 91 0
148357 813 87 0
148509 899 1 0
148630 825 75 0
150174 854 46 0
150246 897 3 0
150628 885 15 0
150664 845 55 0
151135 808 92 0
151793 857 43 0
154044 857 43 0
154251 852 48 0
154760 813 87 0
154895 886 14 0
154921 878 22 0
155576 802 98 0
155949 803 97 0
156794 857 43 0
156849 812 88 0
157384 856 44 0
158179 809 91 0
158263 895 5 0
158588 778 122 0
159196 879 21 0
159338 858 42 0
159549 808 92 0
160209 843 57 0
160367 849 51 0
161342 837 63 0
161788 801 99 0
163480 834 66 0
163792 877 23 0
164261 413 487 0
165080 829 71 0
166472 713 187 0
166762 841 59 0
166800 831 69 0
166801 822 78 0
166961 808 92 0
167014 813 87 0
167049 879 21 0
167387 898 2 0
167507 877 23 0
167623 876 24 0
168006 890 10 0
168211 841 59 0
168422 862 38 0
169250 895 5 0
169309 860 40 0
169361 760 140 0
169491 838 62 0
170729 840 60 0
170914 836 64 0
171045 822 78 0
171338 871 29 0
171463 847 53 0
171526 833 67 0
172224 867 33 0
172487 799 101 0
172517 809 91 0
173151 851 49 0
173317 811 89 0
173458 859 41 0
174208 724 176 0
175525 817 83 0
176670 801 99 0
177274 816 84 0
177814 818 82 0
177911 834 66 0
178041 814 86 0
178589 832 68 0
179880 856 44 0
180574 856 44 0
181008 829 71 0
181102 897 3 0
181165 845 55 0
182479 873 27 0
184080 806 94 0
185770 832 68 0
186097 859 41 0
186551 840 60 0
186604 834 66 0
186666 854 46 0
187151 803 97 0
187644 816 84 0
187951 854 46 0
188370 849 51 0
188598 886 14 0
188932 816 84 0
189241 836 64 0
189938 777 123 0
191499 806 94 0
193544 842 58 0
193977 879 21 0
194466 872 28 0
194627 830 70 0
197554 882 18 0
198027 873 27 0
198089 850 50 0
200407 840 60 0
200455 810 90 0
200895 794 106 0
201150 841 59 0
202526 836 64 0
203047 858 42 0
203546 809 91 0
203614 829 71 0
203617 877 23 0
204249 847 53 0
204712 885 15 0
204912 870 30 0
205184 817 83 0
205957 828 72 0
206333 887 13 0
206413 877 23 0
206478 895 5 0
206648 873 27 0
207067 800 100 0
207404 761 139 0
207630 839 61 0
207919 853 47 0
208405 871 29 0
209369 841 59 0
209891 877 23 0
209920 866 34 0
209924 859 41 0
210224 876 24 0
210836 835 65 0
211548 848 52 0
212030 839 61 0
212288 880 20 0
212412 823 77 0
212688 803 97 0
213040 874 26 0
213309 814 86 0
213871 805 95 0
213926 768 132 0
214244 824 76 0
214343 808 92 0
214456 890 10 0
215091 827 73 0
216132 836 64 0
217126 826 74 0
217749 893 7 0
217974 828 72 0
218292 803 97 0
219205 867 33 0
219259 849 51 0
221186 849 51 0
221261 783 117 0
221321 812 88 0
221459 862 38 0
222363 842 58 0
222530 803 97 0
223433 837 63 0
224741 832 68 0
224762 880 20 0
225171 833 67 0
225204 858 42 0
225363 842 58 0
225941 755 145 0
226757 851 49 0
227041 885 15 0
227882 785 115 0
228061 822 78 0
228487 852 48 0
228695 884 16 0
229602 895 5 0
229789 842 58 0
230772 833 67 0
230824 871 29 0
231140 870 30 0
231375 881 19 0
231918 888 12 0
232451 857 43 0
232548 819 81 0
233844 847 53 0
234192 814 86 0
234508 816 84 0
235069 822 78 0
235840 823 77 0
236583 807 93 0
236694 808 92 0
237100 810 90 0
237594 895 5 0
237729 895 5 0
238291 855 45 0
238400 844 56 0
238420 839 61 0
240095 894 6 0
240895 867 33 0
241927 799 101 0
242018 810 90 0
242567 816 84 0
242756 810 90 0
242794 807 93 0
243985 858 42 0
243996 799 101 0
244147 881 19 0
244951 834 66 0
245122 847 53 0
245736 821 79 0
246559 839 61 0
246942 862 38 0
247291 804 96 0
247437 823 77 0
248693 860 40 0
